Car 1.92 283.7568 44.16 315.142656
Car 8.96 338.842368 85.12 385.60128
Car 49.92 282.475008 110.72 316.42368000000005
Car 87.68 329.8752 167.04 385.60128
Car 101.12 277.99142399999994 160.64 315.142656
Car 167.04 318.985728 229.12 374.712576
Car 184.32 277.99142399999994 247.68 306.175488
Car 193.92 495.13267199999996 362.88 593.13408
Car 234.88 363.182592 636.16 516.270336
Car 314.24 467.589888 480.64 580.964352
Car 519.04 246.605568 583.68 269.024256
Car 519.04 338.842368 591.36 384.320256
Car 567.68 341.404416 644.48 392.0064
Car 571.52 441.96864 768.64 541.251072
Car 579.84 262.61913599999997 636.16 277.99142399999994
Car 587.52 271.586304 652.16 316.42368000000005
Car 607.36 357.41798400000005 686.72 409.30099199999995
Car 624.64 326.03136 706.56 358.69900800000005
Car 636.16 277.99142399999994 716.8 317.704704
Car 645.76 352.29388800000004 768.64 405.45791999999994
Car 659.2 266.462208 725.12 292.723968
Car 706.56 329.8752 818.56 389.444352
Car 710.4 292.723968 782.08 322.188288
Car 722.56 640.5335040000001 1023.36 767.359488
Car 752.64 253.010688 838.4 302.33164800000003
Car 762.24 297.848064 841.6 328.594176
Car 763.52 282.475008 810.88 303.612672
Car 775.04 251.72966399999999 832.0 279.272448
Car 791.04 351.012864 1023.36 461.824512
Car 848.0 302.33164800000003 920.32 349.731072
Car 908.8 312.580608 984.32 356.13696
Car 911.36 588.009984 1023.36 689.855232
Car 997.12 328.594176 1023.36 368.306688
