Car 227.2 3.2002560000000004 289.60051200000004 46.400256
Car 300.8 0.0 376.000512 44.799744000000004
Car 384.0 14.399999999999999 438.4 59.199743999999995
Car 414.39948799999996 22.400256000000002 480.0 59.199743999999995
Car 446.39948799999996 25.599744 502.4 73.599744
Car 480.0 38.400000000000006 536.000512 78.399744
Car 529.599488 48.0 620.8 108.80025600000002
Car 697.6 87.99974399999999 822.4 163.2
Car 816.0 121.599744 961.5994880000001 214.400256
Car 915.2 159.999744 1022.4005119999999 270.399744
Car 945.5994880000001 409.599744 1022.4005119999999 513.5999999999999
