Car 0.0 523.520256 63.36 575.360256
Car 43.52 511.359744 103.04 564.48
Car 117.76 517.119744 129.28 543.36
Car 160.0 514.5600000000001 186.24 533.1202559999999
Car 188.8 515.840256 216.96 535.6800000000001
Car 191.36 520.959744 259.2 564.48
Car 243.2 514.5600000000001 280.32 540.800256
Car 273.28 515.199744 296.96 535.040256
Car 310.4 518.4000000000001 363.52 545.919744
Car 331.52 515.840256 368.64 538.239744
Car 389.76 514.5600000000001 440.32 544.640256
Car 460.16 517.119744 524.8 545.919744
Car 469.12 529.92 610.56 592.640256
Car 595.2 519.680256 700.8 565.760256
Car 647.68 533.1202559999999 981.12 705.920256
