Car 761.6 543.999744 996.48 622.08
Car 0.0 526.08 43.52 557.439744
Car 10.24 511.359744 85.76 563.199744
Car 22.4 519.039744 149.12 567.039744
Car 126.72 523.520256 168.96 551.04
Car 183.68 519.039744 193.28 529.92
Car 186.24 507.519744 347.52 572.16
Car 292.48 512.64 355.84 532.479744
Car 317.44 524.7997439999999 416.64 572.16
Car 360.96 517.760256 455.04 567.039744
Car 378.24 516.48 435.2 537.5999999999999
Car 415.36 523.520256 499.84 565.760256
Car 460.16 522.24 531.84 561.920256
Car 482.56 517.760256 522.24 528.639744
Car 499.84 540.159744 700.8 611.199744
Car 504.96 526.08 580.48 556.160256
Car 565.76 526.08 602.88 544.640256
Car 596.48 528.639744 636.16 545.919744
Car 625.28 526.08 674.56 552.320256
Car 658.56 536.319744 793.6 598.400256
Car 725.76 536.319744 816.0 571.520256
Car 765.44 528.0 834.56 566.4000000000001
Car 805.12 525.440256 850.56 553.599744
Car 827.52 522.8797440000001 888.32 551.679744
Car 901.76 538.880256 1023.36 583.6800000000001
Car 974.72 538.880256 1023.36 574.719744
Car 998.4 541.4399999999999 1023.36 558.72
