Car 0.0 58.880256 101.12 139.520256
Car 0.0 127.35974399999998 524.16 517.760256
Car 26.88 165.759744 945.92 709.119744
Car 70.4 58.880256 224.0 144.639744
Car 282.24 60.159744 339.2 106.23974399999999
Car 389.12 63.99974400000001 428.8 94.08
Car 501.76 78.72 570.24 117.12
Car 508.16 86.4 713.6 189.440256
Car 576.0 58.880256 698.88 124.80000000000001
Car 680.32 77.439744 758.4 138.24
Car 773.12 325.760256 1023.36 767.360256
Car 787.2 104.96025600000002 1023.36 226.56
Car 956.8 91.520256 1023.36 151.040256
