Car 4.800512 138.319148 203.199488 277.4376
Car 86.4 215.87346000000002 853.6002560000001 636.4267140000001
Car 224.799744 157.5079 547.2 265.44463
Car 368.799744 120.729004 428.000256 144.714944
Car 423.19974400000007 123.127598 462.39948799999996 147.113538
Car 469.60025599999994 118.33041 520.800256 141.51704600000002
Car 519.199744 116.73180199999999 565.600256 137.51916200000002
Car 572.0002559999999 116.73180199999999 620.0002559999999 137.51916200000002
Car 632.800256 122.328294 688.0 143.11633600000002
Car 688.0 124.72688799999999 725.600256 143.11633600000002
Car 726.4 122.328294 756.799488 136.71985800000002
Car 780.8 194.286114 1023.2002560000001 380.57646
Car 896.7997439999999 144.714944 951.1997439999999 167.90158000000002
Car 949.6002560000001 148.712828 1020.8 187.88963600000002
Car 957.599744 157.5079 1023.2002560000001 190.28823
