Car 0.0 386.559744 32.64 417.27974399999994
Car 56.32 480.63974399999995 247.68 540.159744
Car 61.44 373.119744 80.0 398.72025600000006
Car 69.12 348.159744 93.44 368.00025600000004
Car 69.12 438.39974400000006 199.04 489.59999999999997
Car 73.6 519.039744 262.4 597.12
Car 85.12 382.719744 151.68 424.959744
Car 106.24 571.520256 337.92 657.920256
Car 144.64 319.359744 160.64 328.32
Car 147.2 325.760256 168.32 341.76
Car 147.2 623.360256 419.84 714.8797440000001
Car 175.36 382.719744 227.84 422.40000000000003
Car 181.76 664.3199999999999 506.88 767.360256
Car 188.16 343.040256 211.2 360.320256
Car 209.28 340.479744 238.72 370.56
Car 311.68 726.399744 620.8 767.360256
Car 391.04 386.559744 471.68 442.23974400000003
Car 438.4 616.959744 664.32 767.360256
Car 478.08 509.43974399999996 640.64 622.08
Car 568.32 360.320256 615.68 391.68
Car 684.16 353.28000000000003 754.56 398.72025600000006
