Car 0.0 386.67531 54.4 467.980218
Car 54.4 407.80166099999997 174.08 506.391522
Car 79.36 466.699752 250.88 661.317873
Car 92.16 323.93715899999995 165.76 375.152454
Car 186.88 316.894596 259.2 378.993183
Car 255.36 270.160932 298.24 311.773401
Car 268.16 239.43175499999998 303.36 264.39883499999996
Car 310.4 175.41246900000002 426.88 277.843059
Car 324.48 289.366584 368.0 335.46001500000006
Car 391.68 249.034581 423.04 272.72186400000004
Car 436.48 176.692935 974.08 403.96093199999996
Car 465.28 255.436242 500.48 286.805652
Car 492.8 231.748959 517.76 250.31504700000002
Car 494.08 380.91388199999994 571.52 450.69459600000005
Car 528.0 235.59035699999998 558.08 254.155776
Car 565.76 325.216956 630.4 380.273649
Car 609.28 288.086118 664.32 332.899752
Car 798.08 245.833416 871.68 272.08163099999996
Car 857.6 484.624938 1023.36 600.499752
