Car 0.0 0.0 1023.36 767.360256
Car 430.08 401.28 497.92 431.36025600000005
Car 521.6 403.839744 557.44 422.40000000000003
Car 583.68 403.839744 622.08 422.40000000000003
Car 590.08 399.99974399999996 653.44 422.40000000000003
Car 620.8 394.88025600000003 656.64 422.40000000000003
Car 648.32 398.72025600000006 736.0 471.03974400000004
Car 727.68 411.519744 742.4 427.520256
Car 728.96 405.12 906.24 459.519744
Car 748.8 405.12 779.52 437.120256
Car 774.4 407.679744 807.04 435.84000000000003
Car 801.92 402.56025600000004 848.0 451.20000000000005
Car 835.2 398.72025600000006 904.96 458.24025600000004
Car 958.08 364.160256 1023.36 490.88025600000003
