Car 353.28 417.920256 631.04 523.520256
Car 147.84 433.280256 298.24 475.520256
Car 170.24 421.11974399999997 203.52 443.52
Car 217.6 426.879744 244.48 434.559744
Car 268.16 434.559744 285.44 444.800256
Car 290.56 432.0 312.96 450.56025600000004
Car 296.96 438.39974400000006 377.6 475.520256
Car 307.84 432.0 348.8 451.839744
Car 631.68 442.23974400000003 687.36 471.680256
Car 688.64 446.72025600000006 736.64 471.680256
Car 745.6 447.99974399999996 787.84 471.680256
Car 759.04 451.839744 895.36 516.48
Car 840.96 449.28 849.92 454.400256
Car 859.52 449.28 931.84 503.04
Car 904.32 440.96025599999996 933.12 464.64
Car 930.56 454.400256 988.8 494.079744
Car 972.8 453.12 986.24 460.79999999999995
Car 981.12 459.519744 988.8 472.959744
