Car 0.0 315.53862599999997 289.28 665.6393640000001
Car 286.72 356.500776 544.0 531.871215
Car 293.76 207.371991 401.28 243.854523
Car 422.4 231.05376600000002 430.08 249.614421
Car 444.16 233.613645 466.56 254.73486
Car 460.16 238.734084 480.0 257.29542
Car 471.68 241.293963 496.64 258.57501899999994
Car 494.08 297.61743 658.56 449.946234
Car 497.92 243.854523 508.8 263.69545800000003
Car 512.64 249.614421 540.16 267.535617
Car 541.44 250.894701 557.44 270.096177
Car 562.56 257.29542 579.84 278.416635
Car 575.36 256.01514 596.48 282.25679399999996
Car 616.32 322.578804 720.0 414.744663
Car 622.08 268.175757 663.04 304.018149
Car 803.84 305.937888 903.68 383.38257
Car 880.0 295.057551 960.0 367.381794
Car 915.84 302.097729 976.0 360.981075
Car 986.24 293.777271 1023.36 339.85986
